2014 2018 2015
2018 2021 2017 2020 2018
2021
2022 2021 2021
2019 2019
2019 2020 2021
1995 1994 2014 1998 1994 2014
2021
2014 2015 2017 2019
2017 2019 2019
2020 2021 2020 2020 2022
2021 2022
2021 2020
2021 2019 2014 2020
2019 2020
1993 1987
2018 2018
2008 2005 2006
2019 2017
2021 2018 2007 2019 1992 2012 2001 1987
2020
2015 2018 2015 2020
2021 2020 2019
2019 2019 2018
2020 2021 2019
2021 2019
2017 2017 2016 2017 2022 2016 2015 2014 2018 2015 2015 2017
2018 2018
2022 2019 2018 2021 2019
2020 2022 2021 2019 2018 2021
2019 2021 2020
2018 2020 2017 2020 2016 2014
2015 2015 2021
2021 2021
2021 2021 2021
2021 2014 2014 2016
1994
2015 2016 2019 2020 2017 2017
2021 2018 2021 2020 2019 2014 2021
2017 2018 2021 2019 2021 2020
2021 2020
2016
2018 2020
2016 2021 2017 2019
2021 2019
2018 2020 2019
1983
2020
2016 2017 2017 2015 2016 2019
2021
2021
2014 2020
2015 2018 2021 2014 2019 2014 2016
2020 2016
2016
2019 2019 2021 2021 2017
2015 2016 2017 2016 2015 2019 2014 2014 2015 2017
2018 2020
2017 2018 2018
2020 2019 2018
2021
2015 2016 2019
2017 2017
2018 2019 2018
2019 2018 2016 2020 2020 2019 2014 2019 2015 2019
2014 2015
2019 2021
2017 2016 2016
2014 2020
2022 2021 2020
2018
2014
2014 2019
2015 2018 2019 2015 2016 2020 2019
2014 2017 2015 2014 2020
1998
2021
2005 2018 2018 2000
2018 2016 2019 2018 2019
2016 2019 2018 2017 2020
2021 2021 2021
2014 2018 2019
2019 2020 2021 2019 2019 2020 2017
2016 2016 2015 2019 2021 2018
1981 1982
2018 2019 2016
2018 2020 2021
2017 2018 2018 2016 2019 2018 2018 2020 2019
2015 2014
2010 2003
2019 2020 2021
2021 2015 2018 2017
2016 2020
2021 2018 2019
2020 2020 2020 2019
2019 2019
2019
2019 2020 2020
2017 2021 2018 2015 2018
2021 2020
2015 2016 2018
2002 2018 2019 2018 2001
2017 2022 2014 2019 2020 2021 2015
2018 2017
2020
2020 2018 2019 2021
2014 2021 2014 2017
2021 2020
2017 2016 2017 2016 2017
2018 2019 2020
2020 2015 2019
2016 2017
2022 2020
2015
1998 1996 1998
2020 2020 2019
2018
2019 2016 2019
2021 2018 2017
2020
2015
2018 2020 2017
1999 2000 2000
1995 1993
2022 2017 2019
2020 2020 2021 2020 2020 2020 2019
2018
2014
2016 2014 2017
2015
2021
2022 2022 2021
2020 2021 2019
2015
2019 2018 2021
2020 2021 2020 2019 2018
2015 2016
2021 2020
2019
2019 2019 2019 2019
2021 2019 2018
1984 1998
2012 2014 2016 2015 2014
2019 2018 2021 2016
2015 2014 2016
2020 2017 1998
2003 2003 2008 2016
2019 2020
2021 2019 2021 2017 2020
2016 2016 2020
2020 2014
2016 2017 2019 2017
2021 2021 2019 2020 2020 2021 2021 2020
1983 1979 1982 2010 1994 1983 1984
2017 2014
2006 2000 2000 1997 1998
1994
2017 2017
2021 2020 2020 2020 2021 2020 2019
2018 2021 2018 2019
2014 2019
2021 2020 2021
2016 2019 2018
2019
2002 2003
2021 2014
2020 2017
2017 2021
2021 2016 2019 2022 2019 2020 2019
2015 2014 2019 2022
2019 2021 2020 2016 2017
2020
2014 2015
1985 1988
2020 2018 2018
2021 2020
2021
2019 2016
2019 2020 2019
2014 2014 2017 2016 2019 2014
2021
2021 2020 2019
2021 2020 2018
2017 2017 2018
2014 2014
2017 2018 2014 2014
2016 2015 2016
2015 2019 2016 2016
2015
2015 2017 2019
2000 2000
2015 2019 2016
2021 2018 2018 2020 2018
2019 2021 2021
2021 2020 2020 2020 2018 2021
2015 2015
2017 2018 2017 2020
2016 2018
2020 2021 2020
2018
2018 2016
2021 2020
2022 2021
2021 2018 2019
2014 2017
2017 2018 2018 2016 2020 2017 2018 2019
2018 2019
2022 2020
2022 2021
2005
2021 2016 2015 2018 2015
2017
2014 2015
2018 2016
2020
2020 2019 2017
2019 2018 2020
2020 2014
2020 2021
2017 2021
2021 2019 2020
2018
2021 2019
2020
2018 1983
2019 2020
2017 2014
2019 2019 2018 2021 2017
2022
2018 2016
2020 2018
2018 2021 2015
1997 1996 2002
2015 2003
2021 2018 2019 2019
2021 2019
2016 2019 2021 2015
2019 2021 2018
2018 2016
2018
2014
2022
2019 2019
2019
2003 2004
2020 2021
2015 2017 2019 2015 2015 2017
2021
2014 2019
2020
2017 2019
2021 2019 2015
2016 2016 2016
2018 2015 2018 2015
2002 1998
2021 2018
2018 2020 2014
2016
2018 2015 2016 2014 2017 2021 2017
2018 2019 2017 2017 2015
1990 1991
2020
2015 2015 2017
2015
2017
2021 2021
2018 2018 2019
2021
2017 2018 2019
2011
2021 2022 2021
2017 2016 2016
2020
2020 2021 2019 2015 2021 2018 2018 2016 2019
2020 2019
2020 2019 2020 2014 2018 2015 2016 2021 2019 2020
2003 2014 2014
2020
2016 2016 2016 2015 2020
2005 1984
2021 2021 2015 2014
2014 2000
2018 2019 2015 2014 2020 2015 2020
2021
2021 2020 2019
2021 2019 2020
2019
2017 2014
2019 2020 2021
2020 2022 2020
2021 2021 2017 2017 2019
2017 2020
2020 2019 2017
2017 2000 2002
2014 2017 2015 2015
2014 2018 2017
2021 2017 2018
2021 2019 2021
2017
2015 2006 1998
2016
2020 2021 2020
1995 1985 1996 2015 1984
2015 2018
2014 2017 2015 2014 2018
2014 2017 2017
2015 2021 2016 2018 2016 2020
2019
2020 2020 2020
2015 2016 2016 2016
2018 2018 2020 2019
2015 2016
1985
2019 2021
2018 2019 2017
2021
2016 2015 2017 2016 2017
2017 2019
2021 2018
2016 2016 2018
2019 2020 2021 2019 2019 2021
2021 2016 2021
2015 2016 2020
2020 2020 2019
2020 2019
2018
2018
2019 2017 2019
2014 2014
2020 2014 2015 2019
1995 2014 2015 1999
2005 2014 1997 1998
2015 1998
2020 2018 2018
2019 2018
2016 2016 2016
2019 2020
2018 2016 2017 2017 2016
2017 2015 2014 2013 2017 2020 2016
2015
2019 2019 2015 2017 2016
2019 2017 2018 2022 2021
2022
2019 2016 2021
2017 2019
2019 2019
2021 2020
2017 2018
2019 2016 2019 2017 2017
2021 2018 2017 2019 2018 2015
2002 1981 1994
2015
2022 2020 2022
2021 2017 2018
2014 2015 2018 2019 2016
2022 2022 2021
2021 2020
2018 2014 2016 2016 2021 2021
2019 2021
2021 2019 2022
2018 2020 2014 2021 2016 2020 2016
2021 2020
2019 2021 2017
2014 2018 2018 2016 2017
2020 2021
2019 2019 2018
2021 2021
2016 2017 2019
2021 2020 2021
2019 2019
2014 2015 2021 2017 2016
2021 2020 2016
2020 2018
2019 2020 2021
2019 2019 2017
2018 2019 2016 2020 2016 2018 2017 2018
2018 2018 2019
2019 2018 2021
2021 2019
2020 2016 2019 2020
2017 2019 2020 2019
2021 2021
2018 2017 2020
2020 2021
2019 2021 2019 2019 2021
2019 2020 2021
2021
2020 2016 2021
2018 2019 2015 2017
2019 2020 2020
1998 2014 1997
2014 2014
2016 2015 2015
1993 1998
2020 2019
2021 2021 2021
2004 2015 2003
2003 2002
2017 2016
2001 1995 2002 2000 1997
2022 2022
2014 2017
2021 2018
2015 2016 2017 2018 2015 2018 2017 2015
2020 2021 2019
2018 2019 2020 2019
2021 2021
2020 2021 2020
2018 2015
2017 2017
2021 2017 2019 2014 2018 2019
2018 2019
2017 2021 2016 2015
2019 2019
2019 2017 2018
2017 2017
2018 2018 2016 2015 2017
2020
2021
2020 2021
2003 2003
2019 2014 2016
2019 2020 2020
2015 2016 2019
2011 2009 2005
2020 2021 2021 2019 2022
2014 2016 2019
2017 2017 2018 2017 2019
2017 2017 2014 2015 2016
2020 2021
2016 2017 2019 2019
2019 2018
2021 2019
2020 2019
2020 2021 2020 2020 2021 2018 2019 2020 2018
2018 2018 2020 2019
2018 2021
2014 2018
2000 2002 2014
2014 2019
2021 2018
2018
2017 2019 2019
2017 2016 2017 2018 2021
2017 2015 2014 2019
2021 2021 2021
2016 2018 2019 2017
2020 2020 2019
2018 2020 2020
2021 2021 2021
2021 2020
2016 2017 2020
2007 2015 2017
2020 2017 2016 2018 2014
2022 2020 2020
2020 2021 2019 2016 2019
2000 1999
2016 2017 2021
2019 2018
2019 2020 2021
2022 2021 2020
2020 2022
2020 2021 2019
2021
2018 2020 2021
2017 2019 2019 2019 2020
2019 2022
1997 1999 2001 1994
2020 2019
2018 2018
2020
2017
2022 2020 2021
2019 2021 2015 2015
2021
2019 2020
2020 2022
2020 2020 2018
2016 2017 2020 2016 2019 2018
2017 2016 2016
2015 2014 2014 2016 2014 2015 2014 2014 2015 2015 2017
2019 2017 2021 2021 2021
2017 2015 2019 2019 2018 2018
2017 2014 2016
2019
2018 2019
2003 2015
2018 2019 2021
2018 2020 2020 2018 2020 2021
2020 2021
2017
1994 1992 2004 2017 1996
1992 1991
2018 2018 2022
2020 2021
2016 2016 2016
2021 2021
2014 2017 2017
2018 2021 2016
2020 2018 2021
2014 2015 2017 2015 2017 2018 2015 2016
2014 2016 2018
2016 2018
2019 2017 2020 2015 2018 2014 2019 2016
2018 2014 2016
2018 2017 2017
2003 2002 2000
2021 2021 2020
2022
2021 2021
1981 2019
2013 2006 2006
2018 2017
2017 2020 2021
2017 2019
2015 2016 2014 2017
2016 2021 2015 2014 2014
2014 2018
2017 2014
1981 1983 1984
2021 2018 2016 2019 2021
2020 2018
2015 2014 2016 2014
2021 2021 2021
2018 2020 2020 2021
2021 2022
2004
2017 2020
2019 2021 2018
2021 2020 2021 2021
2017 2014 2016 2015 2021 2014
2019 2017 2016
1992
1994 1993
2014 2020
2019 2018 2021
2017
2019 2020
2018 2016
2021 2019 2014 2020 2018
2014
2021 2018 2019
2019 2021
1980
2014 2000
2021 2020
2022
2017 2017 2015 2020 2022
2015 2015 2016 2016 2014
2014 2014 2020 2015
2018 2018
2022
2021 2018 2020
2020
2019 2021
2015 2015 2020 2015 2014
2001 1992
2014 2015 2018
1992 1985 1980
2017 2021 2019 2019 2017
2020 2021
2016 2016
2021 2020 2021 2021
2021
2018 2020 2017 2021 2019
2014 2019
2017 2020 2018 2019 2020
2019 2019 2021 2020 2021
2017 2020 2015
2021 2020 2022 2020 2021
2016 2018
2018 2018 2021 2015 2019
1995 2000
2021
2021 2020
2022 2021
2017 2020 2019 2019
2015 2014 2017
2014 2020
2019 2022 2017
2017 2020
1996 2000 2005 2003 2005 2002 2002
2017 2016 1998
2021 2020
2020
2021 2021 2017
2021 2020 2019
2022
1992
2022 2015 2014
2019 2015
2019 2020 2018 2019
2020
2000
2015
2016
2014 2017
2018 2011 2018 2013 2014
2016 2017
2015 2020 2019 2017 2018 2014 2015 2016
2020 2019 2019 2017
2020
2018 2019 2017
2019 2021 2020 2021 2019 2020
2014 2018 2015 2016
2016
2021
2021 2016 2021 2020
2020
2019
2018 2015
2019 2017 2018 2017
2018 2017 2016 2018 2017 2018 2016 2014 2016 2016 2015 2015 2018
2017 2019
2021 2021
2015
2021
2016 2006
2019 2020 2019
2018 2018 2018 2017 2018 2018 2020
2019 2018
2021 2020
2019 2019
2018 2016 2021 2016 2014 2015
2018 2016 2017
2017 2016
2019
2021 2021 2022
2018 2019
2019 2021
2018 2014 2016
2019
1998 2006 2014 1984 2016 2001 2016
2014 2019
2015 2019 2014
2020 2020
2021 2021
1982
2018 2021 2020
2020 2022
2020 2020
2020 2021 2019 2018 2017 2018
2021 2021
2021 2020
2016 2016 2017
2017 2016
2018 2017 2018
2020 2021
2006 2003 2009
2018 2019 2015 2016 2015 2017
2018 2017 2020
2020 2020 2019
2015 2014 2017
2021
2021 2021 2019 2022
2020
2020 2018
2017 2014 2014 2015 2014
2018 2019 2016 2019
2014
2022 2021 2021 2018 2021
2021 2016
2021 2016 2016 2019
2020
2015 2013 2014 2020 2014 2013
2017 2019 2016
2021
2019 2019
2003 2005 2014
2015 2016 2016 2017
2018 2017 2021 2020 2022 2022 2019
2018
2019 2018 2021
2016 2015
2020 2018
2018
2020 2015
1997 1994 1987 1993
2017 2014 2016 2019 2020 2017 2020 2016 2017 2016 2019 2018 2020
2016 2017
2015 2014
2016 2015
2020 2021
2014 2014 2015 2014
2014
2018 2019 2020 2021 2019
2018 2017 2017 2018
2017 2021 2014 2016
1998 1998 2000
2019 2022 2022
2016 2018 2015
2019 2019
2020 2019 2020
2020
2021 2019 2019
2019 2021 2021
2016 2018 2015 2018
2021 2021 2022 2020 2021
2016 2018 2019 2015 2014 2018 2021 2016 2018
2021 2020 2015
2020
2014 2015
2020 2021 2020 2014
2020 2020 2021
2014 2015 2014 2014
2020 2019 2021 2021
2021 2019
2018
2021 2021
2021
2020 2015 2022
2020
2019 2020 2019
2014 2006 2014
2021 2020
2002 2000 2003 2002 2014 2002 2004
2019 2021 2020 2021 2021
2015 2019 2013 2021 2014
2020 2015
2021 2021 2021
2019 2021
2022 2022
2020 2015 2020 2019 2018
2020 2017 2020 2018 2020
2015 2015
2019 2017 2014 2018 2016 2019 2018 2016
2019 2019 2020
2018 2016
2017 2016 2015 2020
2020
2021 2021 2019 2017 2018
2018 2016 2017
2015 2018 2015 2016 2014 2014 2016
2022 2016
2020 2020
2019 2016 2020
2019 2019
1985 2016 2016
1997 2015
2016 2019
1997 1998 1991 2002 1992
2021 2020
2018 2019 2020 2018
2017 2017 2021 2018 2016
2020 2021
2020
2002 2003 2004
2013 2016 2014 2015 2017 2015 2016
2016 2014
2021
2014 2015 2015
2021 2020
2020 2020 2021
2018
2019
2015 2018
2017
2017 2014 2015
1984 1980 2013 1992 1986 1988 2014
2017 2018 2017 2016 2021 2018
2019 2020 2018
2020
2021 2018 2019
2014 2015
2018
2003 2018
2021
2021 2021 2019
2017 2017 2022
2015 2019 2021
2020 2021
2011 2014
2021 2021
2019 2021 2020
1998
2018
2020 2021 2020
2016 2016 2018 2016 2014
2014 2016 2018
2020 2021 2018
2020 2021
2015 2017 2002 2019 2002 2015
2015
1998 1992
2020
2021 2019 2020
2018 2017
2017 2015 2016 2020 2014 2016
2015 2014
2018 2021 2020 2021 2019 2017 2014
2015 2021 2018 2018 2019 2017
2021 2019
2018
2019
2020 2020 2021
2020 2019
2019 2020 2018 2019 2021
2019
2021
2020 1992 2015 2014 1999 1997
2021 2019
2018 2020
1984 1982 1988
2018
2021 2022
2016 2017 2022
2014 2015
2014 2016
2015 2014
2019
2016 2018 2020
2001 1997 2000
2017 2021 2019
2022 2020
2022 2021
2021
2018 2019
2018
2021
2019 2014 2020
2015
2019 2018 2019
2021 2019
2021 2017 2022 2018 2020
2014
2000 2003
2019
2022 2018
2018 2011 2016 2019 2002 2017 2002 1995
2018 2020
2015 2015 2016 2020 2015
2018 2015 2014
2020 2020 2021 2020
2021 2019 2021 2020
2015 2018 2019
2014 2015 2019 2015
2019 2015 2021
2019 2022 2019 2018 2020 2020
2018 2018
2019
2019 2021 2019 2019 2017
2017 2021 2015 2016 2014
2020 2019 2019
2015 2014
2020
2020
2021
2021 2021 2018
2016 2017
2021 2016 2021 2017 2020 2019
2019 2020 2021
2015
2019
2019
2020 2020
2014 2016 2016
2021 2020
2021 2020
2019 2020
2020 2021 2019 2017
2017 2016
2015 2016 2017
2016
2019 2021
2016 2020
2021 2021
2019 2022 2019
2016 2015 2018 2016 2021 2015 2019 2021
2022
2017
2019 2019 2020 2018 2019 2021
2018 2014 2015 2017 2020 2015
2002 2014 2010
2021
2019
2015
2014 2015
2019
2021 2019
2015 2002 2016 2015 2016 2015
2004
2021 2018
2015 2014 2019 1987
2015
2021 2021 2018
2015 2018
2019 2019 2018
2019 2021
2020
2016 2018 2021
2015 2019 2017
2019 2019 2016
2017 2019
2021 2017 2021
2020 2017 2020
2018
2020 2021
2019
2014 2016 2016 2015 2015
2002 2014 2005 1998 2006 2000
2018 2015 2019
2014
2016 2015 2017 2017 2014
2019 2019 2018
2019 2020
2020 2018 2021
1998
2016
2017 2019
2021
2020 2022 2021 2017
1986
2019 2021
2018 2016
2020 2017
2019 2019 2020
1981
2014 2018 2014 2018 2018
2003 2002 2002 1996 2016 1997
2018
2021 2021
2016 2017 2018
2004 2014 2006
2018 2020 2019 2014
2019 2014 2018
2016 2016
2018 2021 2015 2015 2014 2022 2016 2014 2018
2016 2019 2015
2015 2018 2018
2017 2017 2016 2019
2020 2020
2016 2014 2015
2020 2020
2016 2014 2017 2018 2016 2018 2015
2014 2015 2018
2016 2019 2018 2016 2019 2017 2022 2020 2018 2018 2016
2018 2021 2019 2021 2019 2021 2018
2016 2017
2020 2021
2020 2018 2018 2021
2015
2020 2021
2019 2016
2019 2020 2014
2018
2022
2021 2019
2019 2021
2021
2015 2014 2013 2017 2016
1998 2000
2020
2020 2017 2015 2018 2022 2016
2016
2015 2015 2015 2019
2019 2022
2016 2017 2016
2020 2020
2015 2019 2019
2018 2020 2014 2016 2020 2020 2018
2020 2020 2019
2020
2016 2014 2015
2017 2018 2016 2019 2016 2018 2021 2019
2017 2020 2018 2022 2019
2017 2016 2015 2016 2016
2015 2015
2019 2014 2019 2018
2020 2021 2018
2021 2019 2021
2019 2021 2014 2019 2017 2015
2019 2019
2021
2003 2016
2007 2006
2017 2016
2014 2017 2016
2016 2019 2019 2021
2021 2019 2018
2016 2016 2015 2018
2020 2021 2019 2021 2021
2021 2016 2020 2016
2016 2016 2021 2014
2006 2003 2015 1999
2019 2021
2020 2021 2020
1996 1979 1996 1983 1988 1996 1998 1992 1988
2021
2021 2020
2002 2014 2000
2015 2014 2016 2019 2021
2020 2020 2019
1998 2000 2002
2021 2021
2018 2017
2021 2017 2020
2015 1997 2014 2019 2002
2021 2019 2019
2019 2016 2017
2021 2021
2019 2017 2016 2018
2016 2019 2018 2014
2021 2021
2021 2018
2014
2021
2015 2016
2019 2022 2018
2017 2019 2016
2022 2021 2019
2018 2018 2021
2020 2017 2019
2020 2015 2016
2016
2014 2016
1997 2000
2021 2020 2019
2015 2019 2014 2017
2018 2022
2018 2019 2015 2014 2017
2021 2021
2017 2020 2019
2016 2017
2020
2021
2019 2017 2018
2022 2020
2019 2021
2019
2000 2020
2021 2014 2019 2019 2019
2018 2020 2017
2018
2019 2021
2014 2019 2015 2014
2021 2021
2019 2016
2021
2019 2018
2020 2018 2021 2019 2019
2019
2019 2019
2015 2000 1998
2017 2017 2019
2019 2019
1999
2018 2015 2017
2016
2015 2014
2003 2002 2001
2019 2020
2016 2016
2021 2022
2019 2010 2014
2022 2021 2021
2018 2018
2015 2017 2019
2014
2021
2019 2019 2016
2021
1982 1986 1984
2020
2015 2014 2015
2018 2017 2021 2020 2021
2020 2018
1996 1993 1993 1993
2019 2022
2019 2017 2019 2018 2019
2021 2017
2020
2021 2021 2018 2019 2018 2020 2020
1990 1991
2019 2017 2020
2019 2021
2020
2016
2021 2021
2014 2005
2019 2016 2017 2018 2014
2005
2014 2021
2016 2018 2016 2016 2017
2019 2015
2020 2019 2017 2020
2021 2022
2019 2014 2018 2021 2020 2017
2020 2020
2021 2020
2016
2015 2019
2016 2017 2015
2020
2004 2005 2008
2020 2021
2014 2021
2017
2014 2018 2021 2018 2019
2016 2018
2021 2021
2015 2016 2015 2014 2015
2021
2020 2019
2019 2020
2021 2022
2020
2019 1994 1996 1998 2011 2005 2003 1994 2016 2002 1998
2019 2017 2020 2021 2020
2014 2018
2021
2019 2022
2019 2019 2017 2018
2018 2018 2018
2015 2015
2021 2021
2006 2002 2016
2019
2019 2020 2019
2019 2020
2021 2021
2020
2021
2021 2016 2017
2014 2016 2017
2014 2014
2020 2019
2019 2017 2016 2020 2017
2017 2016
2017 2018 2019 2019 2020 2020 2021
2021 2020
2020 2018 2020
2016
2019 2021 2019
2016
2020 2022 2020
2021 2019 2020 2021
2019
2020 2021 2021 2021
2016 2018 2015
2020 2019 2021
2019
2020 2019 2021 2020
2019 2015 2018
2019 2018 2019 2017 2018
2019 2016 2018
2021 2016 2019
2015 2018 2017 2014 2015
2018 2021 2015
2020
2020
2019 2018
2019
2019 2020 2021 2021 2019
2020 2022
2014
2021 2021
2017
2021 2021 2020
2021 2021
2016 2015 2015 2016 2016 2014
1988 1999 2004
2018 2019
2021 2020
2016 2015
2015 2016
2016 2015 2016 2014 2016
2020 2020 2020
2021
2020 2019 2020 2019 2021
2020 2020 2021
2019
2015
2020 2020 2020
2015 2015
2020 2021
2018
2020
2016 2015 2015 1998 2002 2018
2014 2015 2018
2017 2017
2016
2017 2018 2020
2020 2018 2018 2018 2018
2017 2018
2021 2020
2018 2016 2019 2016 2015 2016
2021 2021
2022 2020 2019 2021 2021
2020 2017
2015 2021
2017 2021 2019 2014 2019
2018 2016 2014
2005 2006 2019 2000
2009 1992 2001 2000 2007 2018
2018 2017 2016
2016
2018
2004
2021
2016 2017
2016 2019
2007 2017 2004
2020 2019 2018 2018 2019 2020 2019
2017 2014
2018 2021 2014 2014 2019 2015
2016 2015 2014 2015
2018 2016
2006 2016
1986
2019
2019 2019 2021
2021 2021
2016
2019
2018
2008 2003
2020
2015
1984
2021 2020
2022 2020
2017
2020
2022 2020
2015 2014 2018 2020 2016
2022 2021
2019 2021 2021 2020
2020 2020 2020 2019 2020 2021
2022 2016 2017
2020
2019 2018
2019 2017 2016
2021
2020 2017
2020 2020 2019 2016 2020 2017 2015
2017 2019
2019 2021 2021 2020
2018 2017
2020 2022 2021
2021 2020 2021
2016 2015 2014
2020 2019
2015 2016 2015
2021
1983
2017 2015 2017 2018 2001 2002
2019
2021 2019 2021
2021
2019 2019
2021 2021
2021 2016 2017
2016
2019 2020
2014 2016 2015 2014 2019
2021 2021
2005
2019 2014 2016 2006
2015 2020
2019 2020 2021 2021 2021
2020 2018 2018
2021 2020
2002 2004 1998
2019 2018 2020 2018 2020
2019
2015 2021 2021
1996
2018 2014 2021 2015 2014
2014 2017
2019
2019 2020 2019 2020 2019
2020 2022 2021
2015 2020 2017
2001 2005
2021 2018 2020 2019 2019
2018
2019 2019 2021 2020 2021
2021
2019 2020
2019 2019
2015 2017 2018 2020
2002 2020
2021 2021
2019 2015 2020
2021
1998
2016
2014 2015 2015
2019 2019 2019
2022 2017
2014 2018 2014
2021 2019
2015 2014 2014 2016 2020 2017 2019
2020 2020
2014 2018
2018
2021 2020
2020 2021 2017
2020 2020
2020 2020
2017 2018
2015 2019
2016 2020 2018
2018 2016 2020
2000
2021 2021
2019 2019 2020
1998 1997 1999
2015 2018 2019 2014 2021
2018 2018 2019
2022
2003
2019
2006 2002
2016 2017 2019
2019 2016 2017 2015 2019
2000 2001
2021 2020
2018 2017 2018
2014 2015
2020 2018
2020 2018
2016
2021 2018 2019
2019 2016 2020
2020 2019
2020 2021
2021
2020
2022 2020
2019 2020 2021 2021 2020 2021 2021 2019 2018
2018 2020 2020
2017
2018 2019 2018
2021 2019
2003
2020 2020
2017 2019 2018
2019 2021
1996
2017 2018 2019
2015 2014 2015
2019
2015
2019 2019
2016 2017 2018 2021 2015
2017 2017 2021
2020 2020 2019 2021 2019 2019 2018
2002 1998 1997
2015
2019 2016 2017
2006 1997 1993 1994 1991
2019 2017
2020 2020
2017 2013
2014 2016
2020 2021
2020 2015 2014 2019
1986 1985
2019
2015
2016
1996 2008
2018 2017 2018
2020 2018 2019 2018
2020 2018 2019
2021 2018
2021 2021 2019
2015 2020 2017
2014 2018 2018 2015 2015 2014
2021 2020 2021
2016 2014 2015 2015 2014
2019 2015 2017
2018 2015 2015
2020 2022 2020
2019 2019
2021
2017 2014 2016
2018
2018 2015 2021
2018 2019 2020 2019
2017 2020
2021 2021 2020
2014 2015
2018 2021 2021
2021
2019
2021
2014 2016
2002 2005 2004
2019 2021 2021 2014 2016
2021 2021
2019 2020
2017 2016 2014 2015
2021 2018 2021
2003 2014 2015
2022 2022 2021
2014 2017 2015 2015 2018
2020 2022 2022 2018 2019
2017 2015 2015
2016 2016
2017 2015 2017 2018 2018 2018
2022 2019
2017 2019 2020 2016 2021
2017 2016
2022 2022 2021
2021 2016 2018
2018 2014
2010 2018 2015 2016
2017 2015
1980 1984 1984 1979
2013
1984 1985
2022
2021 2019 2019 2021 2016 2019
2021
2017 2022 2021 2019
1998 2003
1996
2021
2021 2016
2017 2021
2011 1997
2017 2018
2021 2021 2017
2018
2017 2018 2018 2017 2016 2014 2017
2016 2015 2014
2016 2017 2019
2020 2021 2019
2016 2017 2016 2017 2016
2021 2021 2018
2016 2013 2020
2020 2020 2015 2014
2017
2017 2009
2018 2020 2018
2014 2016
2018 2020
2016
2019
2016 2017 2015 2017 2015 2016 2017
2015 2015 2016
2018
2019 2018
2017 2019
2005 2008 2004 2016 2013
2021
2019 2019 2020
2018 2020 2018 2021 2021
2019 2019
2017 2016 2019
2020 2017
2015 2014 2016 2014 2020
2019
2019 2020 2017 2019
2014 2014 2016 2021 2019 2021 2015
2019 2018 2019 2018 2017
2018 2021
2017
2020 2020
2013
2017
2019 2016 2015
2019 2014 2017 2018 2017
2021 2020 2019
2018 2017 2019
2019 2019
2015
2012 2003
2020 2022
2016
2016
2020 2018
2019
2018 2018 2018 2018 2017 2016 2018 2014
2020 2020 2019
2020 2021
2021 2019
2021 2021 2020 2021
2018 2019 2021
2019 2019 2018
2022 2016
2014 2015 2017
2015 2017
2014
2019 2020 2015 2018 2015
2015
2002
2014 2018 2017 2019 2020
1982 1979
2020 2014 2019 2021 2019 2014
2018 2001 2016
2020
2020 2022 2020
2015
2021
2015 2014 2019 2020 2016
2019 2020 2020
2019
2015
2014
2016 2014
2014 2015
2019
2017 2015 2016 2016 2014 2018 2019
2018 2020 2022 2016
2018 2016
2017 2020 2018
2018 2021 2021
2021 2020
2020
2016 1997
2018 2019
2021
2015 2018 2016
2016 2015 2015
2020 2018 2019
2021 2020
2016 2015 2014
2017 2021 2015
2014
2020 2021 2019 2019 2020 2021
2022 2021 2022
2016
2017
2019 2019
2020 2020
2021 2020
2018 2019 2016
2014 2015
2020 2015 2017
2021
2002 2005
2021 2016 2019
2021
2019 2018 2017
2015 2014
2020 2021 2020
2021 2021 2018
2018 2021 2022
2019 2021
2021 2019 2020
2019 2017 2017
2021 2017 2020 2018 2019
2019 2020
2014 2015 2016
2015 2005 2004
2019 2020
2021 2020 2021 2021
2015 1999
2018 2020 2022
2017 2020 2017
2018 2018
2018 2019
2020 2020
2015 2011
2019 2019
2021 2015
2017 2020 2019
2000 2001 2002
2018
2016 2014
2016 2016 2015
2020 2018 2019 2019
2018 2015 2016 2017 2016
2011 2006
2019 2020 2020
2019 2019 2020 2020
2018 2018 2020 2017 2022
2017 2021
2017 2019 2021
2021 2020 2017
2018 2015 2014
2020 2021 2020
2019
2019 2017 2020 2020
2015 2014 2015 2015 2019
2019 2017 2019 2020 2020
2021 2019 2021
2019 2019 2020 2021 2020
2016 2020
2018 2021 2019 2021
2018 2017
2020 2019 2019 2015 2016
2002 1999 2002
2014 2017 2017
2019 2019 2021
2016 2019
2021 2020
1997
2019 2019
2020 2020
2017 2017 2018 2016 2021 2019
2014 2015 2022
2020 2019
2022 2022
2021 2021
2018 2019 2018 2021
2018 2018
2021 2021 2021
2018
2022
2020
2019
2021
2000
2016 2015 2020
2021 2019 2018 2016 2019 2016 2016
2018 2018
2014
2020 2019
2021 2021 2021
2019
2001
2022 2020
2015 2020 2015 2017 2014
2018
2020 2020
2021 2017 2019
2018 2021 2018
2020 2020
2022 2021 2021
2019 1984 1997 2000 1982
2022 2020
2020
2019 2019 2020
2020 2020
2019
2020 2020 2020
2014 2017 2017 2017
2019 2016 2020
2021 2020
2016
2017
2021 2020
2021
2019 2022
2014 2015
2021 2019
2020 2016 2021
2020
1995 1998 2014
1989
2021 2019 2021
2020
2019 2018 2018 2018 2019 2022 2019 2018 2019 2020 2019
1990 1991
2019 2020 2021 2018 2017
2020 2017 2015 2020 2018 2019 2019
2014 2014 2014
2019 2014
2004
2016
2015 2015
2021 2020
2020 2019
2016 2016 2020
2020 2021 2022
2017 2015
2017 2017
2020
2021
2021 2020
2020 2021 2021
2020
2021
2000 1996 1999
2020 2022 2021 2015 2016
2014 2006
1992 1988 1990
2005 2004
2009 2006 1995
2019
2019
2020 2018 2020
2022 2021
2000 2001
2018
2021 2020
2020 2015 2018 2017 2018
2016 2018
2019 2017 2018
2019 2021
2014 2014
2019 2019 2015 2019
1998
2017
2016 2000 2013
2003 2006
2019
2016 2015 2017
2019 2017 2017 2016 2019
2020 2019 2018 2021
2017 2018
2019 2020
2020 2020
2015 2017 2016
2022
2015 2019 2015
1999 2002
2014 2020 2021 2017 2017
2017 2020 2017 2021 2021
2016 2019 2014 2018 2017
2015 2018 2021 2020 2018 2021 2020
2020 2019 2017
2015
2021 2021
2019 2017 2018
2019 2020 2016
2019 2018 2021
1994 2000
2014
2020 2020 2018 2019 2017
2017 2016 2015 2016
2018 2018 2021
2022 2021
2019 2021 2020
2018
2021
2018 1996 1982 1983 1980
2018 2016 2016
2013 2015
2021
2018
2014 2016 2018
2020
2018 1997
2019
2021 2021
2020 2020
2021 2022 2021
2020 2020 2021 2020
2018
2004 2000
2020 2017 2021
2019 2018 2020 2021 2019
2016
2003
2021
2000 2016 1987
2022 2021 2021
2019 2016
2018
2014 2015
2017 2016
1998
2021 2021
2016 2008
2010 2014
2014 1989 1991 2014
2019 2018 2020
2017 1998
2020 2021
2014
1995 1992
2016 2014 2014
2022 2021
2018 2015
2016 2019 2018 2017 2017
2019 2019 2018
2021 2018
2017 2018
2019 2018
2022 2021 2021
2020 2019
2020 2021
2018 2021 2019 2018 2020
2020 2020 2021 2022 2021
2017 2016
2016 2019 2018
2015
2019 2014 2016
2015
2020 2021
2019 2019
2021 2020 2015 2021
2019 2019
2020 2018
2019 2020 2020 2019 2019
2019
2018
2019 2022 2019 2019 2021
2014 2017 2015 2014
2015 2021
2017 2015
2018
2017 2016 2019
2015 2000 2014
2021
2018 2021
2021 2019
2016
2017 2018 2020 2017 2018 2021
2018 2018
2019 2021 2021 2021
2014 2016 2016 2015 2015 2018
2019
2003 1998 2000
2022
2003 2004 2002 1995
2017 2014
2021 2021 2021 2019 2022
2020
2019 2020 2020 2019
2018 2014
2021 2020 2020
2018 2017
2020 2021 2017
2020 2021
2021 2017
2016
2022 2022
2018 2019
2021
2014 2014
2021 2020 2020
2017 2018 2018
2015 2014 2015 2015
2002 2003
2020 2019
2018 2019
2021
2015 2015
2015 2015 2019 2016 2017 2015 2015
2020
2020 2020
2019
2015 2015 2017
2018
2018 2014 2014
2019 2019 2018
2020 2021
2016 2015
2020
2015 2016 2020 2018 2016 2016 2016 2017 2014
2018 2021
2006 1984 1985
2022 2021
2021 2021
2020 2019 2016
2021 2018
2015
2019 2020 2022
2021 2017 2021
2020 2019 2019 2014 2017
2016 2014 2014 2017
2017 2018
2002 2014
2021 2022
2021
2018 2019 2019
2020 2022 2021
2014 2015
2016 2018 2016 2016 2018
2022
2021 2020 2015
1998 2002
2019
2019 2020
2014 2015 2012
1995
2018 2016
1985 1980 1982 1983
2018 2020
2020 2022
2020 2015 2019 2013 2018
2017 2018
2019
2017 2021 2019 2016 2017 2020 2018
2018 2019 2016
2021 2021
2021
2020 2019 2015 2018 2021
2020 2021 2014
2017 2019
2014 2014 2014
2021
2015 2017 2015 2017 2020 2018 2018
2020
2016 2016 2018 2017 2018 2018 2019
2001 1998
2016 2014 2016
2015 2018 2016 2019 2019 2020 2018
2021
2018 2021 2018 2019 2019
2014 2018 2019 2016
2017 2017
2019 2018
2014
1997 1987
2020 2019
2018 2022 2016 2015 2018
2017 2019 2016 2020 2017 2018 2018 2014 2019
2020
2018 2019
2021 2020 2021
2020
2020 2020 2021 2019
2020 2020
2020
2021
2019 2019
2016 2018 2014 2015 2014
2019 2018 2018
2020 2015 2016
2015
2019 2020 2021
2015 2015 2016
2018
2016 2018 2016
2021 2019
2014 2014
2021 2020 2020 2020
2013 2016 2019
2019 2019 2018
2020 2021 2021
2019 2020
2019 2021 2021 2020
2022 2017
2020 2018 2020 2020 2018
2014 2021 2018 2017 2020
2021 2021 2018 2021 2022 2020 2020 2018 2020 2021 2021 2021
2019
2003 2002
2020
2022 2021 2021
2016
2021
2018 2018
2014 2015
2019 2021
2016 2021
2018
2020 2019
2011 2015
2021 2021 2021
2020 2019
2015 2019 2002
2014 2020 2013 2016
2020 2016 2018
2021
2021 2021
2015 2016 2015 2014
2020
2019 2019
2022 2022 2022
2022
2018 2017 2017 2018
2021 2020
2021 2021
2014 2016
2020 2019 2021
2017 2018 2016 2021 2017
2017 2018
2003
2018 2018
2022 2020 2021
2019 2018 2015 2014 2015 2016 2016
2014
2020 2018
2020 2020
2019
2022 2020
2018 2017 2017
2014 2017
2021 2021
2020
2015
2018
2015 2014
1998
2019 2019
2021 2021
2020
2019 2019
1997 2004 1997
2021 2018
2017 2019 2020 2019
2015 2015 2018
2020 2021
1997 2004 2000
2014 2015 2021 2016 2021
1998
2021
2006
2021
2019 2018
2017 2019
2019 2020 2020
2019 2021
2020 2021 2020
2014
2019 2019
1999 2005 2002 2008
2020 2019 2018 2020 2021
2020 2021 2018
2017 2018 2021
1992 1988
2014
2016
2017 2015
2020
2021 2021
2019 2018
2018 2016 2014
1997 1998
2019 2018
2014 2015
2021
2021 2021 2021
2019 2018 2015
2020 2019 2017
1998 1984
2019 2020 2019
2018 2019
2020 2021 2019
2019
2020 2019 2021
2021 2020
2002 2002 2005
2019 2016
2015 2018 2014 2017
2014 2015 2015 2014 2017
2019 2020
2009 2014 1999 2000 2014
2018 2019
1996 1988 2000 2005 1992 2016
2015 2018 2019
2017 2015
2017
2000 2000
2019 2020
2021 2020 2020
2022 2020
2014
2017 2018
2014
2017 2016 2016 2017 2015
2022 2021 2019
2019 2019
2021 2018 2021
2017
2014 2003
2016 2019 2018
2016 2014
2002
2017 2014
2018 2017 2019 2018
2018 2018
2018 2018 2019 2019
2016 2019 2017 2014
2020
1991 2002
2000 1997
2019
2019 2018 2019 2019 2017
2019 2020 2019
2018 2018
1983 1982
2017
2022 2017 2019
2020 2019 2019
2021 2020 2020
2018
2016
2015 2016
2018
2021 2020 2022 2021 2022
1984 1991
2014 2017 2016 2015 2015
2022 2020
2014 2018
2021 2020
2010 2006
2017 2018 2018
2018 2022
2015
1997 1988
2018
2019
2015 2021
2021 2022 2020
2015 2015 2016 2017 2016 2014 2018
2019 2019 2014
2019 2017
2017 2014 2014
2015
2018
2021 2013 2014
2016 2019 2016
2015 2016 2018
2017 2018 2020 2021 2018
2016 2018 2020 2020
2018 2020
2020 2021 2019
2021 2020 2021
2021
2021 2021
2022 2018 2020 2022 2020
2017
2014 2014 2014
2014 2016 2018
2020 2020 2020
2021 2020
2019 2015 2018 2018 2016
2020
2018
2022
2019 2019
2016 2014 2015 2017
2014 2016
2016 2018
2019 2021 2019
2002 1991 1999 2000 1993 1998
2016
2022 2020 2020
2010 2020
2021 2022 2019 2020 2021
1996 2004
2015 2018
2021 2014
2020
2020 2015
2020
2019 2019 2017 2020 2017
2019 2018 2015
2018 2015
2014 2014 2013
2018 2016 2015
2019
2014 2019
2019
2019 2021
2020 2019 2020
2015 1983 1987
2020 2019
2021 2021
2016 2014 2015 2019 2009
2021
2021 2017 2018
2021 2019
1994 1992
2021 2021
2018
2019 2017 2015 2015 2017 2015
1998 2000 1997
2020
1988
2020 2014 2021
2014 2017 2016
2021 2016 2016 2022
2021 2021
2021
2021 2021 2019
2018 2020 2019 2020 2018
2022 2022
2020 2019 2020
2021
2020 2003
2015
2021 2019 2017
2017 2020 2017
2014 2015
2021 2021 2020
2020 2019
2019
2020
2019 2019
2021
2021 2021 2018
2020 2018
2022 2018 2019 2019 2020
2020
2014
2016
2014 2014
2017
2021 2019
2014
2018 2017
2021 2021 2020 2014
2018 2019 2021
2017
2021
2019
2000 2001
2018 2017
2016 2018
2021 2020
2000 1997
2017
2000 1998 1999
2021
2022
2021
2020 2021
2018 2017 2019
2020 2018
2020 2014 2012
2016
2011 1999 2006
2018
2014 2020 2022
2021
1999 2001
2014 2015 2015
2016 2020 2017 2015 2016
2021 2019 2019 2018
2022
2018 2020 2018 2019 2019 2021 2021
2016 2017 2017 2017 2016
2018 2017 2019
2020 2020 2020
2019
2015 2019 2014
2020 2020 2021 2021
2016 2016
2016
2019
2022
2021 2021
2020 2018
2018 2015 2018
2018 2017 2015 2015
2020 2019
2017 2016
2016
2022
2018 2019
2019 2020 2020
2016 2010 2014 2016 2016 2020 2017
2016 2017
2014 2017 2014 2014 2005
1990
2021 2020
2019 2020 2020 2020
2003 1999 1998
2000 2005
2022 2020 2019
2018 2016
2020
2019
2018 2020 2017
2000
2020 2019 2019
2022
2021 2021
2020
2019 2014 2015
2018
2018 2015 2018 2016 2017
2022 2021
2018
2019
2017
2018 2019
2015
2015 2018 2018
2020 2018
2022 2021
2020 2021 2020
2019 2018 2021 2018 2021
2020
2019 2018 2020
2021
2018 2018 2014 2016 2015 2021 2014
2015 2018
1981
2015 2015
2015 2015
2019 2019 2017 2017
2018
2018
2016 2015 2019 2017 2016 2015 2017
2020 2021
2018
2017
2020 2020 2019 2018 2021
2021 2017 2021 2020
2021
2019 2016 2014 2017
2020 2020
2021
2016 2017
2018
2022
2017 2017 2002
2020 2021
2002 1997 1999
2020
2019 2020 2017
2015 2015 2015
2016 2015 2015
2020 2019
2021
2014 2019 2015 2017 2015
2018
2010
2014
2021
2014 2021
2019 2021 2017 2020 2019
2019 2019 2021
2015 2015 2014
2016 2018 2017 2015 2017
2015
1992
1983 1984 1981
2017 2018
2015 2016 2014 2017
2018 2016 2016
2014 2016
2004 2003 2003
2018 2015
2021 2021
2020 2019 2016
2015 2016 2019
2021
2020 2020 2020
2020 2020 2022
2016 2015 2015
2006 2015 2006
2021 2020
2014 2015 2021
2018 2018 2019
2021 2021
2016
2021 2019
2018 2018 2017
2018
2019 2016 2018
2017
2017 2016
2020 2019
2017 2016 2016
2014
2018
2014 2014
2021 2020
2016 2015 2017
1988 1984
2021 2019
2018 2021 2019 2021
2019 2021
2019 2018 2017
2020
2020 2017
2021
2019 2018 2019
2020 2020
2018 2019 2018
1997 1997 1990 2018
2020 2019 2013
2014
2017 2018 2014
2018 2016 2017 2019 2014
2018 2016
2020 2020
2019 2021
2014 2015 2015
2020 2021
2015 2018 2020
2014 1992
2002
2020 2020
2016 2019 2014
2015 2016 2014
2005 2015 2014
2014
2019 2020
2000 2005 2000
1993
2022 2005 2019
2021 2020 2020
2019
2021
2018 2017
2016
2002 2014 2005
2017 2018
1983 1997
1998
2021 2022 2020
2017 2020
2017 2014
2000
2021 2020 2020
2016 2015
1998 2018 2000 2003
2018 2021 2019
2018 2019 2018
2018 2019
2019 2021
2022
2018
2018 2021 2018 2015 2017 2020 2018
2019 2019
2000 1998 1999
1984 2001 2019
2019 2019 2021
2018
2015 2014
2014
2018
2021 2019 2020
2017 2005
2015 2015 2017 2014 2015
2020 2020
2020 2018
2018
2016 2017
2020 2020
2000
2016 2018 2015 2016 2017
2019
2021
2015
2017 2019
2015 2017 2021
2021 2019
2019 2019 2019
2019 2018
2014 1995 2021
2018 2016 2018
1998
2022 2021
2019
2021 2019 2018
2019
2019 2018
2017
2018 2021
2021
1998
2017
2021 2021
2017
2014 2018 2016
2014 2013 2014
2021
2018 2019
2015 2018 2021
2019
2019 2020
2017 2015 2014 2018 2020 2014 2022 2019 2015 2021
2019 2019 2014 2019 2020
2021 2021
2015 2020 2020
1984 1980 1985 1988
2000 2003
2019
2017 2018
2019 2020 2021
2015 2018
2017
2021 2021
2016 2017 2021 2019
2001 2016 2019 2006
2015
2015 2016 2016 2022
2019 2020
2021 2021 2021
2022 2022
2016 2014
2016
2020 2021 2020
2019 2017
2017
2018 2016
2019 2017
2006 2014 2013
2021 2020
2021 2021
2020 2019
2018 2020 2019
2016 2015
2022
2020
2017 2021 2019 2020 2018
2018 2017
1987 1996 1994 2006 2003 2010 2021 2014
2021 2020
2021
2016 2016
2021
2015 2018 2016
2020 2021
2019 2021 2021
2018 2016
2020 2019
2017
2019 2021 2021
2020 2020 2018
2017 2019 2020
2022 2022 2016
2016 2015 2014
2014 2015
2019 2020
2014 2017
2018 2020 2019 2018
2003 1998
2002 2005
2019 2017 2022
1991
2017 2016 2019
2017 2016 2015
2020 2019
2017 2015
2014
2002 2000 1999
2021
2020 2020
2017
2017
2018 2018 2018
2016
2002
2021 2020 2019 2020
1998
2019 2019
2020 2016 2014 2016
2019 2017
2016 2015
2003 2003
2019 2018
2020 2018 2020 2019 2020
2020 2019 2021
2014 2010 2018
2014 2016 2017
2019 2018 2019 2021 2017
2020 2019
2022 2019
2016 2016
2021
2019 2014
2020 2021 2020 2021 2021
1996
2003 2014 2006
2016 2016 2016
2020
2018 2020
2015
2020
2020 2020
1979 1981 1984 2002
2015
2016 2015 2016
2019 2019 2019
2018
2020 2020
2015 2014 2017
2018
2021 2021
2022 2019
2019 2020
2019 2017
2019 2014
2017 2018 2019 2018 2019 2018
2019 2021
2016 2015 2018 2016 2022 2017 2018
2020
2014
2018 2019 2020
1982 1988
2018 2021 2015
2006
2002 2014
2019 2018 2018
2020 2020
2020 2020 2021
2019 2021 2019
2021 2020 2020
2017 2019
1998 1996
2021 2019 2021 2020
2000 2000
2020 2019 2021 2019
2022
2021 2020 2020
2015
2020 2021 2017
2020 2020
2017 2017 2021
2019 2021 2020
2001 2014
2019
2019 2019 2014 2017 2016
2017 2019
2016
2019
2019 2019 2016 2017 2015
2021 2021
2020 2018
2021
2020 2021 2014 2016 2019
2020 2022 2021
2020
2022
2018
2014
2014 2016
2019 2014 2021 2019 2021
2018 2018 2017 2015 2016 2021 2019 2015 2014 2018 2015
2020
2021 2019
2020 2019 2017
1995 1991
2021 2021
2002 2021
2018
2022 2021
2022
2019
2020 2021
2019 2019 2019
2021 2020
2014
2020 2019 2015
2019 2019
2021 2021
2021 2021
2019 2020 2019
2017 2015 2014
2021 2021 2019
1992
2019 2021 2019
2014 2018 2016
2020
2018
2021 2018 2021
2019 2016
2015 2014
2019
2015 2019 2016
2019 2019
2020 2021
1996 1997 2013
2017 2015
2017 2000 2005
2014 2015 2014
2017
2018 2015 2016
2013
2019 2020
2004 2004 1993 2019
2009 2006
2022 2020
2017 2018 2019 2018
2018 2006 2004 2015 2003
2017
2018
2015
2016 2019 2016
2020
1992 1992 2017
2019 2017 2018
2017 2021 2016 2015 2015 2016 2015 2015 2014
2018 2015
2015 2014
2020 2021
2020
2022 2019
2021 2021
2019 2018
2017 2015 2016 2014 2014
2015
2019 2018
2014
2019 2020
2019 2021
2008
2020 2021
2016
2018 2018
2017 2020 2018
2022 2021 2020 2021 2021
1996 1998
2018 2019
2020 2019
2020
2022
2022 2022 2022 2022 2021
2016 2016
2019 2019
2019
2019 2020
1987 1996 1984
2021 2021
2021 2021
2015
2021 2021
2019 2018
2013 2015
2021 2018
2020
1989 1997 1997
2018 2020
2020
2000 2022
1996 1996
2014 2016 2015
2020 2018 2019
2019
2019 2016 2018
2019 2021
2014 2016 2019 2014
2018 2017
2019 2017
2015
2018 2021 2016 2019 2022
2019
2016 2014
2017 2020 2017 2016
2017 2018
2020
2019 2019
2016
2020
2016 2017
2016 2014
2021 2020
2014
2016 2019 2019 2018
2021 2019 2020
2018 2016
2021 2021
2019
2020 2018 2016
2022
2016 2017
2020
2014 2019 2015
2014 2017
2020 2020
2014
2019 2022
2017 2015 2018
2015 2018
2022
2016
2015 2003 2018
2019 2019
2019
1997 1994
2002
2018
2020 2019
2019 2018
2018
2018 2018 2019
2021
2019 2018
2020 2021
2016 2018
2020 2022 2018 2022 2018
2020 2019 2020
2020
2014 2018 2015 2017
2016 2015
2019 2021 2018
2003 2004 2003 2002
2020
2019 2019
2020 2021 2020
2020 2021 2019
2021 2015 2022
2022 2021 2020
2021
2019 1997
2010
2020 2019 2019 2020
2019
2018 2016 2018 2018 2016
2019 2020 2021
2017
2019
2021
2019 2016
2020
2018 2021 2021
2016 2015 2014 2019
2017 2019 2019
2017 2019
2021
2001 2006
2019 2021 2021
2015 2017 2016
1984 1998
2014
2017
2018
1992
2022 2021
2016 2015
2021 2019
1997 1997 2000
2016 2015
2018 2017 2018 2020
2004 2014 2006 2002
2021
1994 2015
2019
2022
2020
2015 2018
2019 2016 2018 2017 2015 2017
2020 2021
2022
2022
2021 2020
2005 2007 2014 2014
2014
2003 2006 2019
2002
2016 2014
1984 1988 2002 2014 2001 2015 1995 1985
2003 2014
2018
2017 2021
2015 2014
2015
2019 2019
2020 2015 2016
2020
2020
2020
2014 2017
2020 2021 2021
2016 2019
2020 2019 2020
2020
1992
2021
2019 2017 2018
2022 2022
2019 2017
2014 2016 2014
2021 2021 2019
2019 2016
2020
2020 2021
2019
2020 2016 2017 2018 2019
2020 2021
2019
2022
2014
2002
2022
2015
2018 2019 2020 2019 2022 2019
2015
2019
2020
2021 2021
2019 2018 2020
2017 2016
2019
2003 2016 2002 2003 2000
2020
2020 2021
2019 2019
2021 2021
2005 2017
2021 2021
2019 2021 2018
2021 2020
2017 2015
1994 2004 1996
2002 2005 2021
2019 2017
2002 2017
2020
2015 2019 2015
2019
2015 2022 1998
2015 2017
2021 2020
2014 2016 2014
2019
2015
2015 2015
1998 2012
2020 2020
2019
2016 2018
2021
2022
2021 2020
2020
2019 2018 2019
2009
2021 2021
2019 2018
2020
2019 2021
2020 2021
2015 2017 2018 2017
2018 2019 2020 2019
2021
2019 2019 2017
2018 2021 2019
2021 2021 2015
2016 2021 2018 2016 2020
1990
2022
2014 2015
1991 1993 1990 1995 1997
2003 2005 2002
2019
2020
2018 2016 2017
2020 2019
2019 2015 2018 2016 2019 2015
1986 1996 1979 2005
2020 2017 2020 2021 2021
2019
2019
2014 2018 2020
2002 2000 2014 2000
2014 2019
2020 2019 2016 2021 2018
2017 2019
1994 2000 1997 1994
2018 2017 2016 2015 2017
2019 2019 2017
2021 2015 2015
2021 2020 2020 2021 2021
2019
2019 2021 2021
2017 2016
2016 2018 2021
2019 2021
2002
2011 2000
2014
2021 2020
2020 2022 2017
2019 2018 2020
2020 2020 2020
2021
2021 2020 2018
2021
2016
2014
2015
2006 2007 2002
2021
2020 2020 2019
2020
2018
2019 2020 2021
2019
2021 2020
2014
2014 2019
2020
2015 2018 2016 2016 2018
2020 2020
2020 2020
2019 2018
2016
1998 2017
2018
2022 2019 2021
2019
2020 2020
2021 2020
2020
2016
2022 2021
2015 2016
2014 2017
2021 2020 2022
2016
2017 2019 2021
2018 2014
2004
2020 2020
2018 2021
2021
2019 2017 2020 2019 2020 2021 2016
2018
2021 2021
2020
2018 2021 2020
2019
2022
2016 2018
2015
2015
2018
2018 2020 2016 2020 2018
2020 2020 2019 2019 2018
2019
2005 1980 1986 1983 1985 2005 1989
1981
2019 2021 2020
2020 2020
2020
2022
2017 2015
2020 1998 2014
2016 2018
1998 1994
2018 2014
2016 2019 2017
2019
2021
2019 2019
2019
2020
2018 2020
2021
2015
2020 2021
2015 2014 2016
2020
2020 2018
2020
2016
2022 2018 2018
2018 2018
2019 2020 2020 2021
2018 2021
2018
2017 2017 2020
2019 2014 2020
2014 2017 2015 2018
2016 2015 2022 2017
1980 2018 1983 2015
2020 2018 2015
2020 2018
2019 2020
2019 2014
2019 2018 2019
2018 2016 2018
2016
2020 2018
2019 2019
2020 2019 2019 2002 2018 2017 2005 2015
2018 2020 2018
2019 2017
2014 1992 1994 1997 1990 1998 1998
2020
2019 2016 2021
2021 2020
2014 2016
2006 1997 1981 1989
2017
2018 2019
2019 2020
2019 2018
2018 2014
2014 2017
2018
2021 2021
2017 2019
2020
2020
2021
2022 2016
2021 2021
2021
2016 2015
2022 2015 2020
2020 2014 2018
2021
2020
2019 2020
2020
2014 2014
2021
2019 2018
2019 2019 2020
2020
2019
2020
2019
1990 2018 1991
2020 2019 2019
2021 2021 2020
2021
2018 2018
2019 2017
2020 2019
2019 2015 2017 2016
2019
2020
2018
2019
2014
2000
2017 2019
2018 2019 2017
2015
2019
2017 2016
2021
2020 2018
2021
2013
2020 2019 2018 2021
2021 2020
2017 2017
1995 1998
2020 2020
2022 2018
2010
2016
2019
2021
2021 2022
2018
2019
2014
2014 2021 2015
2021
2014 2016
2021 2020 2021
2016 2017
2018 2015
2020 2021
2017 2018 2018 2019 2015
2020
2014
2015 2017 2004
2021 2020
2019 2017
2015
2015
2021 2019 2019
2016 1998
2021 2020
2020 2021 2020
2020 2022
2021
2021
2011 2016
2022
2017 2016
2019
2014
2018 2015
1996 1996
2014
2019
2014 2017
2017 2019
2019 2014 2019
2020
2014
2020
2020 2020 2019 2020 2019
2020 2018 2019
2020 2017 2019
2019
2020 2019
2018 2015
2018 2016
1981 2015 1979 1996 2014
2020 2020 2014 2014 2018
2005 2002
2017
2014 2018
2021
2021 2020
2021
2020 2017 2019
2018 2019
2018 2019
2021 2016
2019
2020
2019
2021
2019 2019
2019 2019 2019
2005 2014 2016
2021 2019
2014 2014 2015
2017 2018 2014
2021 2021
2021 2021
1995 1992 1994 2001 2015
2018 2019
2015 2015 2016
1996 1996 1996
1991 1983 1990
2021
2016 2016 2016 2015
2018 2021
2015
2017 2003
2015 2015 2017 2019 2018
2019 2019
2016 2016
2020
2018 2018 2019
2001 2003
2020
2016 2018 2010
2014
2018 2017 2015
2015 2017
2020
2015 2016
2021 2021 2019
2020 2021 2021
2018
2014 2014
2019
2019 2016
2021 2020
2019
1988 1999
2021 2022 2021
2019
2014 2015
2020 2017 2016 2016
2016
1993 1988 1991
2020 2017 2017
2022 2018
2017 2017 2015
2021 2021
2019 2021
2017
2016
2015
2021 2019
2021 2021
2016
2018 2018
2021
2016 2017 2018
2018 2021 2019
2018
2021
2019
2005 2003
2018 2020
2022 2017
2016
2022 2014
2015
2021
2021 2021
2017 2014 2016
2017 2021 2020
1997 2002
2021
2020 2021 2019 2019
2015 2019 2019
2017 2019
2016
2019 2021 2021 2018
2020 2021 2019
2018
2019 2020 2019
2021 2015 2019
2018
2019 2020
2020 2019 2020
2017
2021 2020
2019
2003 2014
2020
2018 2020 2020
2015 2014 2016
2020 2022 2021
2016 2015 2018
2019
2020 2020 2017
2019
2015 2016
2019
2021
1989 2002
2017 2015 2018
2014 2016 2014
2015 2014 2014
2016 1998 2000
2017
2015
2020 2019
2015
2016 2020 2018
2014 2019
2017 2018
2019 2020
2020 2020 2019
2021 2020 2020
2020 2021 2019
2015 2016
2015 2018 2016
2019 2022
2014 2016 2015
2019 2021 2019 2018 2020
2006
2016 2020
2019 2014 2019
2018 2016 2017 2016 2014
2018
2021 2020
2019 2018 2020
2020 2020 2019 2018
2022 2020
2019 2021 2021
2019
2005 2004
2018
2021 2018 2019
2019 2015 2018
2021 2020 2015
2019 2021 2021 2021
2019
2014 2017
2020 2020
1983 1982 1982
2018 2015 2018 2022
2019
2017 2015
2020 2019 2019
1998 2005 2005
2015 2003 2016 2009 2001
2016 2020
2020
2021 2020 2019 2020
2022 2021 2021
2014 2015 2013
2022 2016 2021 2017 2021
2021 2021
2017 2020 2016 2019
2017 2017 2018
2021
2017
2021 2021
2021
2020 2020 2022
2020 2017
2020
2018 2016 2016
2017
2000 2014
2019
1999 1997
2016 2021 2016
2004
1998 1996 2003
2016
2015 2015
2021 2021 2021
2018 2021 2019 2020
2020
2016 2017 2016 2015 2014
2017 2018
2017 2015
2021 2021 2021
2021 2021 2021
2015
2019 2021 2019
2019 2019
2015 2016 2015
2021
2014
2020
2015 2017 2018
2019 2019
2016
2021
2020
2003
2014 2015
2022
2019
2020
2020 2020
2020 2021
2019 2022 2021
2021
2018 2020 2019
2017 2021
2000 1996
2018
2017
2021
2014 1998
2016 2016
2021
2021 2020
2022
2000 2014
2021
2019 2019 2021
1998 2014 1998
2021 2016
2015 2014
2021 2021 2021 2022 2020
1998
2018
2018 2017
2020 2019 2020
2018 2015
2016
2021
2002 2000
2020 2018 2019
2017
2017
2021
2020 2020
2016
2020
2016 2016
2019
2017 2016 2019 2017
2019 2017
2019 2016
2014 2017
2018 2021 2017
2021
2021 2020
2020
2022
2015 2015 2016
2015
2014 1998 1992
2020 2019
2021 2021 2018
2011 2001 2005
2021
2014 2017 2018
2014 2017 2019
2017 2019 2020
2014
2003 2018 2014
2016
2011
1998
2015 2014
2019 2021
2021 2020 2021
2021
2018
2020
2020 2021
2015 2014 2018
2021
2021
2017
2015 2014 2018
2014
2018
2017 2018
2022 2015
2020
2019
2021 2019
2021 2021 2019 2021 2020
2021 2018
2020
2018 2021 2021 2017 2020
2016 2020
2020 2018 2017
2020
2018 2018 2018
2019 2019 2019
2021
2016 2015 2015
2017 2016 2015
2021
2017 2021
2016
2019
1999 2001
2017 2018 2019
2019
2021 2021
2021
2019 2020 2019
2022 2021 2018
2014 2016 2019
2021 2021
2017 2016
2015 2015
2022
2021
2014
2021
2000 2000 1998
2021
1997
2021
2019 2021
2021 2018
2019 2019
2021 2018 2021
2014
2021 2020
2020
2018 2019 2018
2015 2020 2005
2015
2014
2015
2021 2015
2017
2019
2020
2021
2020
2016 2016
2016 2021
2021 2021
2019 2020
2020 2018 2022
2021
2019 2018
2021
2018 2018 2016
2020 2021
2021
2020 2021
2021 2022
2021 2020 2021
2018
2021 2020
2020 2022
2017 2016 2015
2015 1993
2021 2019
2006 1998
2017
2015 2016
2019
2016 2017
2019 2019 2018
2015 2015
2014
2020 2019
2017
2019 2021
2019 2019 2021 2021
2014
2021
2019
2021 2017
2021 2019
2020
2014
2016
2017
2019 2014 2019
2007 2004 1998 2003 2002
2020 2021
2018 2015
2020 2020
2018
2020 2022
2020
2020 2021
2018
2016
2015 2016
1981
2019 2022
2017
2017
2020
2016 2015
1992 2016 1988
2021
2018 2018 2016
2019
2001 2004
2017
2019 2019 2020 2018
2020
2020 2021 2020
2019 2021 2019
2018
2021
2022
2021 2019
2020
2019
2020 2020
2018 2019 2021
2020 2019
2021 2019
2020 2019 2019 2018
2020 2020
2019
2014 2002 2014
2020 2019 2019 2021 2020
2015
2016 2019
2000
2018 2017
2020 2019
2021 2019 2018
2018
2020 2021
2019
2019
2020 2019
2020 2018
2002 2015
2000 2003
1993 1995
2019 2019 2019
2020 2020 2021
2017 2014
2002 2014 2019 2018 2017
2021
2000 2006
2018
2015 2018
2021
2014 2015 2018
2002
2017
2021 2020
2022 2021
2018 2020 2018
2019 2022
1994 1994
1999 2000 2006
2015 2018 2006
2022
2016
2018 2021
2020
2022
2018 2020
2020 2019
2014 2014 2002
1986 1981
2015 2016 2015
2020 2021 2019
2019 2019
2020
2018 2019 2017
2021 2019 2017
2020 2021
1988 1988
2020
2017 2017
2016
1992
2021
2014 2018 2018
2000
2019 2019 2017 2016 2021
2018 2022
2020 2018
2016 2019 2018
2021
2021
2013
2019 2015 2021 2019
2020 2021
1998
2015
2019 2017 2019 2014 2020
2018
2021 2018
2016 2015 2017 2019 2016
2019
2020
2019
2018
2021
2021 2022
2015 2014
2020
2014
1981
1999 1997 1997
2020 2022 2021
2019
2018 2016 2015
2017 2019
2020 2020 2021
2013 2014 2014
2018 2019 2021
2000
2014 2016
2021 2020
2019 2018 2017
2014 2015 2018
2022
2018 2018
2020 2021
2021
2017 2020 2019 2016
2017 2019 2017
2016
2021
2018 2017
2021
2017 2015
2019 2019 2018 2019 2020
2018 2017
2017
2021
2020 2020
2021 2020 2020 2019
2020
2019 2020 2019
2014 2015 2019
1992 1995
2019 2018 2015
2020
2020 2019
2019 2017
2020 2022 2020
2002 2004 2003
2021
2017
2020
2003
2013 2014
2021
2021 2019
2015 2020
2015
2017
2020
2021 2020
2014 2018
2021 2019
2020
2021 2021
2016
2019
2015 2017
2017
2021
2021
2014
2016 2015 2014 2014 2018 2019
2015 2020 2016 2015
2017 2021 2018
2021 2019
2015 2018
2020
2022
2021
2020
2016 2018
2019 2020 2021 2021 2021
2015
2017
2018
2016
2021 2021 2021
2021 2020 2006 2015
2017 2017
2018
1994
2017
2016 2015 2020 2015 2015
2018 2018
1998
2016 2016
2019
2021
2019 2020
2020 2021
2019 2021
1982 1980
2019 2021 2017 2017
2014
2022
2019
2018 2020 2018
2019 2018
2021 2019
2014
2020
2021 2020
2019
2016
2021
2015
2016
2015
2016 2015
2005 2006
2019
2020
2021
2019 2021 2020 2021
2012 2017
2020
2018
2014
2018 2019
2017
2016 2019 2019
2021 2021
2018
2019
2016 2014
2014
2021 2020
2018 2019
2019
1987
2020 2018
2019
2020
2015 2016
2014 2014 2015
2019 2018
2021
2017 2016
2014 2014
2020
1989 1993 1991 1983
2020
2015
2018 2017
2022
2014 2017
2020 2020 2018
2018
2022 2021
2019
2015
2021 2020
2014
2021 2020
2015 2015
2010
2019
2021 2021
2016 1998
2018
1991 1997
2016
2018
2017
2017 2019 2017
2015 2019
2022 2014 2002 2012 1998
2017 2016
2017
1983 1991
2021
2016
2019
2017 2016 2022 2018
2015 2017 2017 2016
2019
1998
2019 2021
2016
2016 2014 2016
2016 2014 2016
2016
2018
2021 2021
2022 2022
2021
2018
2014
2014 2014
2015 2016
2019 2018
1999 1997
2020
2019
2021 2021 2018 2020 2019
2020 2020
2021
2021 2016 2021
2017 2018
2018 2016 2015
2001
2021
2016 2019
2016
2017
2021 2021
2020
2020 2021
2018 2018
2020 2020
2021
2018 2017
2019 2017 2019
2021
2021
2019 2021 2020
2022
2019
2018 2018
2021 2020
2014
2019
2000 1996
2021
2021 2021
2003
2019
2016
2020 2020 2021
2017
2017
2015 2016 2017 2018 2020
1999
2017
2017 2018 2019
2015 2016 2015
2019
2018 2019 2018 2019 2020
2016
2021
2021
2020 2020 2020
2020 2020 2018
2019
2022 2021
2020 2019
2016 2015 2016 2014 2016 2016 2019 2017 2015
2020 2020 2022
2019
2016 2015 2018
2021
2014 2014 2014
2021 2021
2016
2016 2019
2016
2021 2020 2019
2021
2014 2016
2015 2017
2020
2022 2022
2020
2019 2020
2020
2021 2020
2018 2020 2018
2016 2017 2012
1991
2020
1989 1983 1984
2021 2014
2021 2020 2021
2014 2016
2017 2016 2021 2020 2021 2015
2017
2016
2014 2018
2016 2015 2018
2017
2020 2018 2021
1997 2021 2014
2022 2021 2021
2022
2019 2015
2018 2019
2017 2017
2021
2019 2020
2020 2016 2019 2015
2015
2019 2016
2015 2014
2020 2020
2019 2021 2018
2014
1984 2018
2021 2020
2003 2005
2019
2019 2019
2021
2019 2020 2019 2021
2015 2017
2014 2019 2018 2020 2019
2019 2020
2018
2014
2017
2021 2020
1983
2017 2022
2018 2019
2016 2016
2017 2018
2014
2019 2022 2021
2020 2019
2016 2017
2014 2015
2017 2016
2014
2016 2019
2020 2017
2018
2022
2018 2019
2019 2021
2017 2020
2018
2017 2019
2017 2017 2015
2014
2020 2019 2021
2018 2016
2018 2016 2018
2019
2021 2021
2017 2019 2019
2018 2018
2018
2019
2021
2006 2006
2021 2020 2019
1994 1996
2019 2021
2017
2019
2018
2016
2014 2017 2018
2020
2016
2020
2019
2020 2018
2021 2021
2020 2020
2018 2020 2020
2016
2021
2018
2019 2019
2017
2017
2021 2018 2019
2017 2020
2017
2015 2015
2020 2020
2017 2019
2020 2014
2016
2020
1996 1998
2021 2016
2018 2019 2019
2014
2020
2019
2014
2016 2014 2017
2018 2021
2017 2016 2021
2021
2020
1982
2013 2016
2019
2022 2015
2020 2019
2016 2018
2016 2016 2014
2018
2019
2021
2015
2020 2014 2016
2017
2022
2017
2020 2018
2016 2015
2020 2018
2020
2019
2019
2019
2015
1993 1988
2016 2016
2021 2019 2019
2018
2018
2020 2021
2020
2016 2014
2019 2020 2020
2019 2021
2021
2021 2021
2019
2020
2016 2016 2018
2017 2019
2017
2021
2021 2022
2018 2015
2020
2019
2020
2020
2018
2005
2016
2020
2018 2019
2017
2022
2019
2018 2019 2021
2016 2016
2016 2015
2019 2013
2015 2016
2019 2019
2021 2014 2018
2019
2002 2008
2019
2020 2021
2015 2017
1983
2016 2016
2004 1994
2019 2021
2021
2020 2020
1994 2001 1993
2018 2017 2020
2021
2014 2018
2019 2020 2019
2019 2018
2018 2021
2021 2020
2018 2019
2020
2018 2019
2021 2021 2021
2021 2016
2021
2016 2015
2006
2018
2019
2021 2019
2016
2019
2019 2020
2019 2021
2017 2016 2020
2018 2019
2003 2004
2019 2019
2016 2020
2020 2021 2019
2015 2018 2019
2021 2019
2016
2018 2018
2014 2001
2021 2020
2015
2016
1998 1987 1986
2002 1997
2017
2014 2001 1997
2020
2020
2020 2022 2022
2021
2019 2018
2020
2020
2021 2021
2021 2021 2021
2019 2011 2020
2015 2015 2014
2016 2015
2020
2022
2020
1997
2021
2021 2019
2021
2018
2014 2014
2015
2021 2019 2017 2015
2019
2021
2014
2016
2017
2015
2018 2014
2018 2019 2021
2020 2016 2019
2018 2019
2018 2014 2015
1986 1985
1988
2019
2015 2019 2016
2021 2020
2022 2021
2016
2020 2018
2014 2014
2014 2015
2016 2018 2015 2015 2018 2016
1984
2015
2018
2021
2021
2020 2019
2018 2021
2002
1998
2019
2019 2014
2017 2017 2018
2018
2019
2003 2013 2014
2021
2019 2020 2018
2021
2019
2021
2019
1992
2022 2014
2018 2021
2019 2020
2020
2016 2014 2019
1992
2020 2021
2019 2016
2017 2014
2022
1995
2016
2021 2021 2020
2017 2015 2016
2019 2018 2018
2010 2002
2021
2021
2021 2019
2014
2019 2022 2022
2019
2015 2021
2018
2022 2021
2021
2021
2014
2017
2021 2020
2020
2018
2014
2014 1984
1998 1989 2001
2019
2021
2014 2017 2020
2015 2018
1997
2018
2019
2022 2022
2014
2021
2020 2017
2000
2020 2021
2021
2014
2020 2021 2018
1991 1992
1984 1984
2002 2006 2005
2021 2019
2020
2021
1998
2018 2019 2021
2020
2019
2019
1998 1997
1984
2019
2022
2020 2020
2016
2014 2014
2016 2021
2003
2021
2020 2020 2019
2015
2014 2012 2010
2016 2014 2017
2014
2021 2022
2021 2020
2020 2018
2019 2019
2021
2016
2021 2017
2017 2018
2018 2019 2017
2014
2014
2021
2017
2019
2021
2021
2014 2016
2019 2017 2020
2019
2016
2002
2020
2018
2020 2021
2016 2018
2019 2020
2021 2021
2017
2018 2021
2020
2019
2017 2015 2016
1996 1998 2014
2019 2018
1983 1996 1996
2020 2021
2019
2021
2016 2021
2020 2018
2021
2020 2020 2019
2020
2015
2015
2021 2020
2020 2019 2018
2020
2017 2014
2019 2021
2021 2019 2021
2018 2020
2018
2015
2022 2018
2015 2016 2015
2017 2021
2021
2017 2021
2018
2014 2019 2016
2021 2021
2020 2014 2015
2016 2018 2017
2016
2020
2017 2020
2021 2019
2022 2022
1982 1991
2000 2000
2021
2018 2018
2018
2022
1993
2018 2015 2019 2016
2020 2021
2019 2019
2015 2015
2020 2021
2021
2019 2019 2018
2018 2019 2016
2018
1981
2020
2014
2021
2021
2021
2020
2000
2018
2017
2018
2018 2017
2018 2015
2019
2002 2014
2019 2020 2017
2020 2021
2021
2014 2017
2021
2017 2017
2019
2022
1983 1991
2021 2021
2014 2016
2019
2019
2017 2019
2020 2019 2018
2020 2020 2021
1998 1992
2021
2018 2018
2016 2015
2002
2019 2021 2018
2017 2021
2017
2021 2020
2015
2016
2020
2016
2021
2020
2018
2015 2015
2022
2021
2005 2002 2002
2019
2019
2015
2021
2019
2021
2019
2018 2016
2017 2017
2016 2017
2021
2017
2019
2015 2019 2016 2016 2018
2021
2015 2020 2015
2020 2018 2021
2020 2019
2016
2022 2020
2018
2021 2021 2020
2020 2020 2021
2018 2017 2019 2015 2019
2021
2021
2021
2021
2021
2016
2021 2021
2015 2015 2016
2021 2021
2017
2020
2021
2019
2016
2022 2021
2021 2014
2014 2017
2015
2020
2019 2018 2021
2016 2020
2018
2019
2016
2018 2021
2020 2020
2021
1999 2002 2015
2021
2017
1996
2019
2020
2019
2016
2020 2020
2021
2016
2020
2016
2019 2019 2016
2017 2019
2015 2016 2014
2016
2019 2019
2019
2015
2021
2020
2004
2019
2022
2019
2021
2014
2016
2017
2014 2014 2019
2015
2018
2014
2021 2021
2014
2016
2017 2020 2019
2004 1998
2019
2016
2021
2018 2019 2020
2003
2015
2019 2017
2019
2021 2021
2015
2020 2018
2020
2021
2022
2017
2020
2021
2015
2015
2016 2020
2021
2021 2021 2021
2018 2019
2015
2019 2018
2014
1992 2017 2015 1994 2018
2018
2020
2021 2020 2020 2021
2020
2021
2015
2019
2005
2016
2018
2018
2021
2021
2016
2016 2021
2018 2019
2020
2019 2021 2021
2021 2020
2014 2006
2014 2016
2016 2015
2019 2018 2018
1990
2019
2019 2017
2022 2020
2021 2021 2020
2021
2019
2014 2016 2014
2020 2021
2019 2019 2019 2017 2019
1997 1998
2020 2019 2018
2015 2016
2016
2018
2014
2019
2020 2018
2000
2018
2021
2014 2017
2022
2007
2022
2014 2016
2005 2004
2020
2018
2017
2020
2020 2019
2018 2016
1997 1990 1986
2019 2020
2019
2021
2019 2017
2015 2015
1998 2003
2020 2021 2020
2020 2019
2021 2016
2018 2018 2014
2020 2021
2016 2017
2020 2021
2018
2019 2017
2021
1997 1984 1981
2022
2019 2019 2018
2020 2020
2014
2021
2018 2017
2019
2018 2019
2019
2021 2021
2020
2019
2014 2014
2015 2016 2014
2018 2017 2014
2019
2015
2018
2022 2017
2019
2021 2019
2016
2017 2021 2020
2018
2021 2022
2021
2005
2019
2022
2018 2019
2018
2021
2014
2014
2014
2019 2021
2017
2019
2014
2020
2020
2014
2019
2020
2016
1983
2004 2008
2021
2020
2006
2019 2018
2020
2000
1984
2020
2014 2016
2015 2018
2020 2018 2014 2015 2019
2021 2017
2021 2019
2020
2013
2019
2018
2020
2021 2017
2015 2014 2019
2020
2017 2021
2015
2013
2021
2014 2016 2015
2017 2016
2020 2020 2019
2015 2016 2018
2021
2019 2019
2021
2020
2018 2014
2019
2019 2018
2002
2014
2019
2019
2016 2016
2017
2016
2015
2019
2021
2021
2022
2020 2022 2020
2021 2020 2021
2017
2015 2018
2021
2017 2014 2018
1997 1991
2018 2017
2015
2020 2019
2021
2021
2021
2019 2015
2005 2006 1996
2020
2016
2015
2018 2016
2020
2017 2019
2021
2019
2019
1989 1987
2021
2021
2019
2017 2016
2019 2017 2020
2018
2021
2019
2021 2021
2015
1998 2002
2015 2014
2019 2016 2020
2020
2000
2021
2019
2020
2022
2017
2021
2020 2018
2017 2018 2019
2020
2018
2020
2019 2018
2018
2020
2022
2019
2019 2021
2022
2022
2016
1998 2000
2018 2019
2001
2014
2020
2017
2022 2020
2018
2021 2018 2021
2016
2014
2017 2017
2022
2019 2016
1983
2016 2016
2014
2021
2014
2018 2020
1986
2018
2014 2020
2018
2021
2019
2016
2019
2019
2021
2017 2019 2017
2017
2014
2020
2011
2015 2016
1990 1995
2016
2018 2017
2018
2020 2021
2015 2016
1986
2017
2005
2019 2021
2022
2016
2019 2019
1998
2004
2017
2007 2002
2018
2019
2020
2021 2021
2014
2017 2021
2016 2017
2021
2018
2018 2019
2017 2014
2016
2019
2016
2019
2021
2014 2020 2016
2016 2015 2016
1995
2016 2014
2014
1988
2021
2020
2015
2018
2018
1998 1995 1997
2016 2018
2019 2017
2020
2018
2020 2020
2020 2017
2022
2018 2016
2021
2017
2017
2003
2015
2016 2018
2016 2014
2018 2014
2018
2019
2017
2015
1992 2015
2020
2021 2021
2014
2021
1999
2016
2016
2020
2020 2022
2015
2019
2021
2017
2021
2020 2018 2019
2019
2019
2021
2022
2022
2019
2016
2020
2018
2022
2019
2021 2020 2021
2017 2017
2015
2019
2019 2019
2018
2014
2019 2014 2001
2014 2016
2017
2018
2018 2020
2020 2022
2019
2014
2015
2017
1992 1992
2021
2019
2021
2014 2014
2019
2021
2022
2017
2018
2017
2019
2021
1998
2021
2019 2019
2015 2018
2019
2021
2019 2020 2019
2020 2017
2021
2020
2005 2005 1999
2020
2021 2019 2020
2019
2022
2017
2020
2015 2003
2021
2020
2020
2018
2020 2020 2020
2017
2019 2020
2019
2021
2021
2002 2002
2019 2018
2020
2022
2020
2021
2020
2020
2017
2018 2015
2021
2020
2021
2022
2021
2021
2016
2004
2019
2016
2016
2020
2019 2017
2017 2019
2022
2018
2021 2020
2018
2020
2022 2018
2021
2021
2016
2018
1985 1983
2019
2021
2018
2015 2015 2019
2019 2019
2021
2015
2015 2019
1996
2018
2020 2021
2021
2018
2021
2022
2020
2019
2020
1984
2017
2021 2019
2018
2020
2018
2021
2021 2020
2020
1998
2017
2021
1983
2015
2022 2021
1998
2021
2020
2021 2020
2015
2021
2021
2020
2018
2022 2021
2021 2021
2021
2021
2021 2020
2019
2017 2019
2014 2014
2015 2017 2014
2014
2011
2022
2015 2014
2022
2016
2022 2021
2020
2021 2021
2020
2017
2020
2021 2021 2021
2019
2016
2020
2020
2018
2017
2021 2019
2021 2020 2021
2015 2016
2017
2021 2020
2018
2022
2015 2020
2020
2019
2019
2021 2021
2021
2018
2021
2016
2020 2020
2021
2016
2022 2018 2020
2018 2017
2020 2022 2021
2019
2019 2021
2018
2014 2018
2021
2017
2016 2014 2003
2019
2020
2018 2015
2020
2021 2020
2017 2018
2021
2019
2021
2022 2022
2022
2016 2015
2002
2015 2018
2019
2016
2016 2020
2016 2019
2019
2017
2014
2021
2020
2020 2018
2022 2019
2020
2017
2020
2011
2021
2019
2021
2020
2013 2020
2020
2017
2020 2017
2021
2018 2022
2022
2016
2014
2015
2020 2017
2021
2021
2019 2018
1998
2022
2018
1984
2018
2016
2020
2021
2021 2019
2020 2020 2019
2019
2003
2018 2020 2019
2019
2018
2021
2021
2018
2017
2016 2019 2014
2003
2019 2019
2005
2021 2022
2019 1984
2021
2000
2019
2018
2016 2016 2017
2021
2019
2018
2017 2016 2019
2018 2004 1999
2021 2021
2015 2018 2015
2019
2016
2014
2019
2022 2020
2021
2014
1993
2021
2016 2016 2017
2018 2021
2019
2020
2022 2021
2022
2022
2020
2019
2003
2021
2016
2019
2015
2015 2014
2019
2021
2020
2022
2018
2020
2018
2014 2014
2021 2021
2021 2018
1995
2014
2019
2018 2020
2016
2022
2019
2016
2015
2022
2020
2020
2016
2021
2021
2021
2016 2017
2021
2020 2021 2021
2019
2020
2017
1998
2022
1993
2019
1996 1993
2019 2020
2014
2015
2015
2015
2020
2017
2017
2018
2017 2022 2022 2021
2015
2014
2021
2022
2014
1982
2021
2003
2018
2022
2006
2009
1995
2019
2019
2020
2003 2004
2014
2018
2019
2017 2016
2014
2019
2020
2016
2017
2020 2021
2015 2015
2020
2019
2021
2015 2015
2019
2016
2019
2021
2020
2020
2019
2002
2014
2022
2014
1989
1998 1997
2019
2022
2018
2017
2018
2002
2016
2020
2021
2019
2020
1998
2019
2015
2020
2014
2019
2020
2016
2014
2020 2021
1995 1998
2014
2020
2021
2019
2019 2017
2021
2017
2005
2020 1994 2021
2021
2021
2003
1993 1993
2021
2003
2021
2017
2021
2021
2021 2020
2015
2016
2015
2020
1998
1993
2020
2018 2019 2016
2017
2020
2014
2021
2003
2020
2017
2020
2019 2019
2016
2021
2017 2017
2020
2021
2019 2018
2021
2015
2018 2020
2021
2015
2015
2019
2017
2020
2017
2021
2015
2019
2019
2018
2021
2019
2015
2019
2018
1994
1998
2017
2015 2015 2014
2020
2021
2019
2016
2017
1993 2001
2020
2022
2015
2021
2019 2021
2020
2020
2018 2018
2019
2015 2016
2021
2022
2021
2020
2020
2014
2020
2021
2021
2020
2019
2022
2020
2020
2020
2021
2020
2021
2014
2021
1998
2017
2020
2021
2022
2018
2019
2021
2019
2019
2021 2021
2015
2018
2020
2020
2016 2018
2015
1999 1994
2016
2021
2014
2019
2021
2021
2016
2017
2019
2020
2019
2019
2020
1996
2014
2021
2015
2020
2021
2019
2020
2016
2004
1989
2016
2002
2015
2021
2021
2021
2017 2017
2020
2019
2019
2020
2021
2022
2018
2020
2019 2020
2015
2020
2019
2018
2011
2018
1997
2018
2016
2019
2017
2020
2018
2020
2015
2018
2018 2015
2016
2021
2014
2020
2015
2017 2016
2020
2017
1992
2020
2015
2019
2020
2018
2020
2020 2021
2014
1988
2021
2021 2021
1984
2014
2021
2021
2021
1990
2021
2015
2016
2021
2021
2022
2022
2017
2021
2014
2016
2020
2019
2014
2017
2019
2019
1994
2017
2020
2021
2015
2014
2021
2015
1997
2018
2019
2014
2020
2021
2019
2022
2002
2021
2021
2019
2018
2019
2020
2019
2018
2019
2021
2003
2019
2021
2018
2020
2020
2019
2020
2020
2020
2018
2020
2016
2019
1993
2020
2003
2002
2021
1998
2019
2015
2015
2016
2014
